121.7818  
125.69  
148.010  
192.6  
207.6  
209.41  
212.568  
237.3  
239.42  
244.6976  
251.633  
269.86  
271.131  
275.449  
285.98  
295.9390  
315.174  
316.2  
320.03  
324.83  
329.425  
330.54  
340.40  
344.2789  
351.66  
357.26  
367.7896  
379.37  
385.69  
387.90  
391.32  
406.74  
411.1171  
416.049  
423.45  
440.86  
443.966  
482.31  
488.680  
493.508  
496.39  
503.475  
520.228  
523.13  
526.882  
534.246  
535.4  
538.29  
556.56  
557.91  
561.2  
562.93  
563.991  
566.442  
571.83  
586.266  
595.61  
616.05  
644.37  
656.490  
664.78  
671.157  
674.677  
678.625  
683.32  
686.61  
688.672  
696.87  
703.25  
712.845  
719.351  
727.99  
735.4  
756.12  
764.902  
768.946  
778.9066  
794.81  
805.70  
810.453  
839.36  
841.576  
867.383  
896.58  
901.184  
906.01  
919.340  
926.320  
930.58  
937.053  
958.63  
963.393  
964.082  
974.09  
990.19  
1001.1  
1005.276  
1084  
1085.841  
1089.741  
1109.178  
1112.080  
1139  
1170.93  
1206.11  
1212.953  
1249.944  
1261.349  
1292.784  
1299.148  
1314.7  
1348.10  
1363.77  
1390.36  
1408.013  
1457.651  
1528.111  
1605.61  
1608.36  
1635.2  
1643.6  
1647.41  
1674.30  
1769.09  
